1704371991939 0.0 500
1704372092039 0.01 1000
1704372192069 0.01 1500
1704372292121 0.01 2000
1704372392329 0.02 2500
1704372492424 0.02 3000
1704372592488 0.02 3500
1704372692424 0.03 4000
1704372792470 0.03 4500
1704372892728 0.03 5000
1704372992608 0.04 5500
1704373093210 0.04 6000
1704373193619 0.04 6500
1704373294050 0.04 7000
1704373394322 0.05 7500
1704373494587 0.05 8000
1704373594811 0.05 8500
1704373694778 0.06 9000
1704373794722 0.06 9500
1704373894851 0.06 10000
1704373994739 0.07 10500
1704374095195 0.07 11000
1704374195249 0.07 11500
1704374295250 0.08 12000
1704374395158 0.08 12500
1704374495164 0.08 13000
1704374595088 0.09 13500
1704374695230 0.09 14000
1704374795658 0.09 14500
1704374896267 0.1 15000
1704374996440 0.1 15500
1704375096686 0.1 16000
1704375196822 0.11 16500
1704375297128 0.11 17000
1704375397323 0.11 17500
1704375497491 0.12 18000
1704375597509 0.12 18500
1704375697611 0.12 19000
1704375797732 0.12 19500
1704375897701 0.13 20000
1704375998000 0.13 20500
1704376098292 0.13 21000
1704376198257 0.14 21500
1704376298218 0.14 22000
1704376398128 0.14 22500
1704376498391 0.15 23000
1704376598947 0.15 23500
1704376699240 0.15 24000
1704376799314 0.16 24500
1704376899438 0.16 25000
1704376999503 0.16 25500
1704377099643 0.17 26000
1704377199363 0.17 26500
1704377299113 0.17 27000
1704377398976 0.18 27500
1704377499089 0.18 28000
1704377599154 0.18 28500
1704377698979 0.19 29000
1704377798689 0.19 29500
1704377898453 0.19 30000
1704377998202 0.2 30500
1704378098202 0.2 31000
1704378197967 0.2 31500
1704378297803 0.21 32000
1704378397611 0.21 32500
1704378497472 0.21 33000
1704378597359 0.21 33500
1704378697382 0.22 34000
1704378797231 0.22 34500
1704378897059 0.22 35000
1704378996897 0.23 35500
1704379096715 0.23 36000
1704379196464 0.23 36500
1704379296504 0.24 37000
1704379396271 0.24 37500
1704379496278 0.24 38000
1704379596357 0.25 38500
1704379696526 0.25 39000
1704379796635 0.25 39500
1704379896438 0.26 40000
1704379996559 0.26 40500
1704380096916 0.26 41000
1704380196908 0.27 41500
1704380296862 0.27 42000
1704380396727 0.27 42500
1704380496637 0.28 43000
1704380596409 0.28 43500
1704380696248 0.28 44000
1704380796060 0.29 44500
1704380895848 0.29 45000
1704380995859 0.29 45500
1704381095640 0.29 46000
1704381195519 0.3 46500
1704381295318 0.3 47000
1704381395193 0.3 47500
1704381494993 0.31 48000
1704381595459 0.31 48500
1704381695621 0.31 49000
1704381795793 0.32 49500
1704381895944 0.32 50000
1704381995932 0.32 50500
1704382095798 0.33 51000
1704382195590 0.33 51500
1704382295403 0.33 52000
1704382395249 0.34 52500
1704382495354 0.34 53000
1704382595496 0.34 53500
1704382695509 0.35 54000
1704382795409 0.35 54500
1704382895336 0.35 55000
1704382995462 0.36 55500
1704383095372 0.36 56000
1704383195416 0.36 56500
1704383295405 0.37 57000
1704383395293 0.37 57500
1704383495152 0.37 58000
1704383595016 0.37 58500
1704383694971 0.38 59000
1704383794734 0.38 59500
1704383894515 0.38 60000
1704383994276 0.39 60500
1704384094046 0.39 61000
1704384193826 0.39 61500
1704384293789 0.4 62000
1704384394035 0.4 62500
1704384494269 0.4 63000
1704384594290 0.41 63500
1704384694464 0.41 64000
1704384794422 0.41 64500
1704384894611 0.42 65000
1704384994764 0.42 65500
1704385094846 0.42 66000
1704385194866 0.43 66500
1704385294913 0.43 67000
1704385394984 0.43 67500
1704385495312 0.44 68000
1704385595436 0.44 68500
1704385695615 0.44 69000
1704385795725 0.45 69500
1704385895703 0.45 70000
1704385995601 0.45 70500
1704386095401 0.46 71000
1704386195352 0.46 71500
1704386295280 0.46 72000
1704386395528 0.46 72500
1704386495598 0.47 73000
1704386595720 0.47 73500
1704386695985 0.47 74000
1704386795892 0.48 74500
1704386895846 0.48 75000
1704386995753 0.48 75500
1704387095518 0.49 76000
1704387195262 0.49 76500
1704387295527 0.49 77000
1704387395520 0.5 77500
1704387495241 0.5 78000
1704387595104 0.5 78500
1704387694839 0.51 79000
1704387794571 0.51 79500
1704387894454 0.51 80000
1704387994220 0.52 80500
1704388093945 0.52 81000
1704388194035 0.52 81500
1704388294049 0.53 82000
1704388393941 0.53 82500
1704388494065 0.53 83000
1704388593928 0.54 83500
1704388693745 0.54 84000
1704388793532 0.54 84500
1704388893702 0.54 85000
1704388993818 0.55 85500
1704389093838 0.55 86000
1704389193723 0.55 86500
1704389293518 0.56 87000
1704389393265 0.56 87500
1704389493469 0.56 88000
1704389593359 0.57 88500
1704389693442 0.57 89000
1704389793415 0.57 89500
1704389893322 0.58 90000
1704389993241 0.58 90500
1704390093328 0.58 91000
1704390193317 0.59 91500
1704390293406 0.59 92000
1704390393512 0.59 92500
1704390493415 0.6 93000
1704390593327 0.6 93500
1704390693113 0.6 94000
1704390792864 0.61 94500
1704390892644 0.61 95000
1704390992606 0.61 95500
1704391092493 0.62 96000
1704391192567 0.62 96500
1704391292611 0.62 97000
1704391392494 0.62 97500
1704391492416 0.63 98000
1704391592168 0.63 98500
1704391692400 0.63 99000
1704391792710 0.64 99500
1704391892839 0.64 100000
1704391992760 0.64 100500
1704392092647 0.65 101000
1704392192616 0.65 101500
1704392292473 0.65 102000
1704392392499 0.66 102500
1704392492440 0.66 103000
1704392592898 0.66 103500
1704392693037 0.67 104000
1704392792868 0.67 104500
1704392892700 0.67 105000
1704392993089 0.68 105500
1704393093554 0.68 106000
1704393193861 0.68 106500
1704393294003 0.69 107000
1704393394137 0.69 107500
1704393494332 0.69 108000
1704393594364 0.7 108500
1704393694364 0.7 109000
1704393794367 0.7 109500
1704393894484 0.71 110000
1704393994286 0.71 110500
1704394094207 0.71 111000
1704394194111 0.71 111500
1704394294085 0.72 112000
1704394394007 0.72 112500
1704394494076 0.72 113000
1704394593959 0.73 113500
1704394694253 0.73 114000
1704394794320 0.73 114500
1704394894476 0.74 115000
1704394994538 0.74 115500
1704395094800 0.74 116000
1704395195150 0.75 116500
1704395295443 0.75 117000
1704395395631 0.75 117500
1704395495781 0.76 118000
1704395595705 0.76 118500
1704395695635 0.76 119000
1704395795553 0.77 119500
1704395895481 0.77 120000
1704395995534 0.77 120500
1704396095928 0.78 121000
1704396196163 0.78 121500
1704396296432 0.78 122000
1704396396483 0.79 122500
1704396496556 0.79 123000
1704396596461 0.79 123500
1704396696386 0.79 124000
1704396796459 0.8 124500
1704396896354 0.8 125000
1704396996258 0.8 125500
1704397096225 0.81 126000
1704397196134 0.81 126500
1704397296058 0.81 127000
1704397396461 0.82 127500
1704397497033 0.82 128000
1704397597446 0.82 128500
1704397697799 0.83 129000
1704397798344 0.83 129500
1704397898713 0.83 130000
1704397998841 0.84 130500
1704398099085 0.84 131000
1704398198991 0.84 131500
1704398298878 0.85 132000
1704398398978 0.85 132500
1704398498906 0.85 133000
1704398598808 0.86 133500
1704398698763 0.86 134000
1704398798695 0.86 134500
1704398898628 0.87 135000
1704398998738 0.87 135500
1704399098713 0.87 136000
1704399198643 0.87 136500
1704399298561 0.88 137000
1704399398478 0.88 137500
1704399498380 0.88 138000
1704399598812 0.89 138500
1704399699012 0.89 139000
1704399799071 0.89 139500
1704399898861 0.9 140000
1704399998630 0.9 140500
1704400098747 0.9 141000
1704400198813 0.91 141500
1704400299061 0.91 142000
1704400399156 0.91 142500
1704400499107 0.92 143000
1704400599025 0.92 143500
1704400698956 0.92 144000
1704400799106 0.93 144500
1704400899027 0.93 145000
1704400998968 0.93 145500
1704401098801 0.94 146000
1704401198771 0.94 146500
1704401298771 0.94 147000
1704401398725 0.95 147500
1704401499189 0.95 148000
1704401599338 0.95 148500
1704401699302 0.96 149000
1704401799443 0.96 149500
1704401899452 0.96 150000
1704401999588 0.96 150500
1704402099898 0.97 151000
1704402199984 0.97 151500
1704402300132 0.97 152000
1704402400406 0.98 152500
1704402500398 0.98 153000
1704402600819 0.98 153500
1704402701169 0.99 154000
1704402801170 0.99 154500
1704402901169 0.99 155000
1704403001345 1.0 155500
1704403101822 1.0 156000
1704405545726 1.0 156010
1704405659478 1.0 156500
1704405759435 1.01 157000
1704405859588 1.01 157500
1704405959654 1.01 158000
1704406059860 1.02 158500
1704406159718 1.02 159000
1704406259618 1.02 159500
1704406359478 1.03 160000
1704406459421 1.03 160500
1704406559154 1.03 161000
1704406658846 1.04 161500
1704406758547 1.04 162000
1704406858270 1.04 162500
1704406957988 1.04 163000
1704407057905 1.05 163500
1704407157615 1.05 164000
1704407257312 1.05 164500
1704407357005 1.06 165000
1704407456718 1.06 165500
1704407556882 1.06 166000
1704407656908 1.07 166500
1704407756901 1.07 167000
1704407856789 1.07 167500
1704407956825 1.08 168000
1704408056820 1.08 168500
1704408156727 1.08 169000
1704408256587 1.09 169500
1704408356324 1.09 170000
1704408456045 1.09 170500
1704408555967 1.1 171000
1704408655698 1.1 171500
1704408755420 1.1 172000
1704408855154 1.11 172500
1704408954879 1.11 173000
1704409054923 1.11 173500
1704409154736 1.12 174000
1704409254419 1.12 174500
1704409354092 1.12 175000
1704409453935 1.12 175500
1704409554085 1.13 176000
1704409653951 1.13 176500
1704409753652 1.13 177000
1704409853350 1.14 177500
1704409953389 1.14 178000
1704410053377 1.14 178500
1704410153376 1.15 179000
1704410253424 1.15 179500
1704410353307 1.15 180000
1704410453003 1.16 180500
1704410552674 1.16 181000
1704410652370 1.16 181500
1704410752027 1.17 182000
1704410851723 1.17 182500
1704410951542 1.17 183000
1704411051246 1.18 183500
1704411150919 1.18 184000
1704411250644 1.18 184500
1704411350610 1.19 185000
1704411450683 1.19 185500
1704411550597 1.19 186000
1704411650462 1.2 186500
1704411750208 1.2 187000
1704411850056 1.2 187500
1704411949650 1.21 188000
1704412049322 1.21 188500
1704412149211 1.21 189000
1704412249370 1.21 189500
1704412349434 1.22 190000
1704412449418 1.22 190500
1704412549496 1.22 191000
1704412649330 1.23 191500
1704412749289 1.23 192000
1704412849482 1.23 192500
1704412949470 1.24 193000
1704413049548 1.24 193500
1704413149548 1.24 194000
1704413249786 1.25 194500
1704413350031 1.25 195000
1704413450286 1.25 195500
1704413550164 1.26 196000
1704413650241 1.26 196500
1704413750586 1.26 197000
1704413850829 1.27 197500
1704413950896 1.27 198000
1704414050969 1.27 198500
1704414151162 1.28 199000
1704414251054 1.28 199500
1704414351200 1.28 200000
1704414451583 1.29 200500
1704414551746 1.29 201000
1704414651784 1.29 201500
1704414751547 1.29 202000
1704414851577 1.3 202500
1704414951276 1.3 203000
1704415051432 1.3 203500
1704415151047 1.31 204000
1704415250929 1.31 204500
1704415350971 1.31 205000
1704415451144 1.32 205500
1704415551053 1.32 206000
1704415651188 1.32 206500
1704415750946 1.33 207000
1704415850997 1.33 207500
1704415950625 1.33 208000
1704416050787 1.34 208500
1704416150538 1.34 209000
1704416250421 1.34 209500
1704416350488 1.35 210000
1704416450441 1.35 210500
1704416550186 1.35 211000
1704416649975 1.36 211500
1704416749902 1.36 212000
1704416849740 1.36 212500
1704416949504 1.37 213000
1704417049350 1.37 213500
1704417149208 1.37 214000
1704417249066 1.37 214500
1704417348984 1.38 215000
1704417448825 1.38 215500
1704417549216 1.38 216000
1704417649479 1.39 216500
1704417749568 1.39 217000
1704417849559 1.39 217500
1704417949348 1.4 218000
1704418049206 1.4 218500
1704418149006 1.4 219000
1704418248871 1.41 219500
1704418348883 1.41 220000
1704418448765 1.41 220500
1704418548514 1.42 221000
1704418649583 1.42 221500
1704418750438 1.42 222000
1704418851324 1.43 222500
1704418952241 1.43 223000
1704419052459 1.43 223500
1704419153822 1.44 224000
1704419253537 1.44 224500
1704419353190 1.44 225000
1704419452933 1.45 225500
1704419553086 1.45 226000
1704419653097 1.45 226500
1704419753226 1.46 227000
1704419853293 1.46 227500
1704419953099 1.46 228000
1704420053132 1.46 228500
1704420152767 1.47 229000
1704420252486 1.47 229500
1704420352328 1.47 230000
1704420452523 1.48 230500
1704420552371 1.48 231000
1704420652223 1.48 231500
1704420751855 1.49 232000
1704420851893 1.49 232500
1704420952046 1.49 233000
1704421052112 1.5 233500
1704421152150 1.5 234000
1704421252071 1.5 234500
1704421352081 1.51 235000
1704421451844 1.51 235500
1704421552140 1.51 236000
1704421652036 1.52 236500
1704421751904 1.52 237000
1704421851821 1.52 237500
1704421951851 1.53 238000
1704422051632 1.53 238500
1704422151335 1.53 239000
1704422251109 1.54 239500
1704422351132 1.54 240000
1704422451223 1.54 240500
1704422551282 1.54 241000
1704422651202 1.55 241500
1704422751052 1.55 242000
1704422851169 1.55 242500
1704422951028 1.56 243000
1704423050934 1.56 243500
1704423150733 1.56 244000
1704423250609 1.57 244500
1704423350929 1.57 245000
1704423451424 1.57 245500
1704423551787 1.58 246000
1704423651885 1.58 246500
1704423751759 1.58 247000
1704423851681 1.59 247500
1704423951508 1.59 248000
1704424051757 1.59 248500
1704424152197 1.6 249000
1704424252422 1.6 249500
1704424352736 1.6 250000
1704424452938 1.61 250500
1704424553112 1.61 251000
1704424653303 1.61 251500
1704424753323 1.62 252000
1704424853191 1.62 252500
1704424953494 1.62 253000
1704425053657 1.62 253500
1704425153827 1.63 254000
1704425253860 1.63 254500
1704425353868 1.63 255000
1704425454086 1.64 255500
1704425553910 1.64 256000
1704425653799 1.64 256500
1704425754114 1.65 257000
1704425854626 1.65 257500
1704425954585 1.65 258000
1704426054455 1.66 258500
1704426154391 1.66 259000
1704426254293 1.66 259500
1704426354290 1.67 260000
1704426454167 1.67 260500
1704426554450 1.67 261000
1704426654536 1.68 261500
1704426754514 1.68 262000
1704426854419 1.68 262500
1704426954283 1.69 263000
1704427054712 1.69 263500
1704427154909 1.69 264000
1704427254805 1.7 264500
1704427354437 1.7 265000
1704427454133 1.7 265500
1704427553801 1.71 266000
1704427653648 1.71 266500
1704427753437 1.71 267000
1704427853486 1.71 267500
1704427953276 1.72 268000
1704428053751 1.72 268500
1704428153877 1.72 269000
1704428253866 1.73 269500
1704428353884 1.73 270000
1704428453794 1.73 270500
1704428553964 1.74 271000
1704428654330 1.74 271500
1704428754639 1.74 272000
1704428854671 1.75 272500
1704428954644 1.75 273000
1704429054542 1.75 273500
1704429154388 1.76 274000
1704429254317 1.76 274500
1704429354836 1.76 275000
1704429455210 1.77 275500
1704429555542 1.77 276000
1704429655724 1.77 276500
1704429755916 1.78 277000
1704429856326 1.78 277500
1704429956464 1.78 278000
1704430056544 1.79 278500
1704430156543 1.79 279000
1704430256656 1.79 279500
1704430356506 1.79 280000
1704430456736 1.8 280500
1704430557085 1.8 281000
1704430657318 1.8 281500
1704430757315 1.81 282000
1704430857434 1.81 282500
1704430957312 1.81 283000
1704431057265 1.82 283500
1704431157279 1.82 284000
1704431257700 1.82 284500
1704431357709 1.83 285000
1704431457907 1.83 285500
1704431557949 1.83 286000
1704431657962 1.84 286500
1704431757777 1.84 287000
1704431857853 1.84 287500
1704431957711 1.85 288000
1704432057805 1.85 288500
1704432158173 1.85 289000
1704432258265 1.86 289500
1704432358344 1.86 290000
1704432458379 1.86 290500
1704432558499 1.87 291000
1704432658874 1.87 291500
1704432759024 1.87 292000
1704432859204 1.87 292500
1704432959234 1.88 293000
1704433059502 1.88 293500
1704433159347 1.88 294000
1704433259336 1.89 294500
1704433359236 1.89 295000
1704433459360 1.89 295500
1704433559407 1.9 296000
1704433659683 1.9 296500
1704433760055 1.9 297000
1704433859999 1.91 297500
1704433959848 1.91 298000
1704434059951 1.91 298500
1704434160272 1.92 299000
1704434260614 1.92 299500
1704434360789 1.92 300000
1704434461224 1.93 300500
1704434561413 1.93 301000
1704434661729 1.93 301500
1704434761840 1.94 302000
1704434861997 1.94 302500
1704434962110 1.94 303000
1704435062096 1.95 303500
1704435162011 1.95 304000
1704435262033 1.95 304500
1704435362136 1.96 305000
1704435462106 1.96 305500
1704435562002 1.96 306000
1704435661965 1.96 306500
1704435761851 1.97 307000
1704435861793 1.97 307500
1704435961853 1.97 308000
1704436061803 1.98 308500
1704436161686 1.98 309000
1704436261649 1.98 309500
1704436361542 1.99 310000
1704436461469 1.99 310500
1704436561861 1.99 311000
1704436662449 2.0 311500
1704436762848 2.0 312000
1704439210446 2.0 312020
1704439225661 2.0 312020
