1704371991939 1.9967950772386386e-05 500
1704372092039 1.9935901544772773e-05 1000
1704372192069 1.9903852317159157e-05 1500
1704372292121 1.987180308954554e-05 2000
1704372392329 1.983975386193193e-05 2500
1704372492424 1.9807704634318313e-05 3000
1704372592488 1.97756554067047e-05 3500
1704372692424 1.9743606179091085e-05 4000
1704372792470 1.9711556951477472e-05 4500
1704372892728 1.9679507723863856e-05 5000
1704372992608 1.9647458496250244e-05 5500
1704373093210 1.9615409268636628e-05 6000
1704373193619 1.9583360041023015e-05 6500
1704373294050 1.95513108134094e-05 7000
1704373394322 1.9519261585795784e-05 7500
1704373494587 1.948721235818217e-05 8000
1704373594811 1.9455163130568555e-05 8500
1704373694778 1.942311390295494e-05 9000
1704373794722 1.9391064675341327e-05 9500
1704373894851 1.935901544772771e-05 10000
1704373994739 1.9326966220114095e-05 10500
1704374095195 1.9294916992500482e-05 11000
1704374195249 1.9262867764886867e-05 11500
1704374295250 1.9230818537273254e-05 12000
1704374395158 1.9198769309659638e-05 12500
1704374495164 1.9166720082046026e-05 13000
1704374595088 1.913467085443241e-05 13500
1704374695230 1.9102621626818797e-05 14000
1704374795658 1.907057239920518e-05 14500
1704374896267 1.9038523171591565e-05 15000
1704374996440 1.9006473943977953e-05 15500
1704375096686 1.8974424716364337e-05 16000
1704375196822 1.894237548875072e-05 16500
1704375297128 1.891032626113711e-05 17000
1704375397323 1.8878277033523493e-05 17500
1704375497491 1.884622780590988e-05 18000
1704375597509 1.8814178578296264e-05 18500
1704375697611 1.878212935068265e-05 19000
1704375797732 1.8750080123069036e-05 19500
1704375897701 1.871803089545542e-05 20000
1704375998000 1.8685981667841808e-05 20500
1704376098292 1.8653932440228192e-05 21000
1704376198257 1.862188321261458e-05 21500
1704376298218 1.8589833985000963e-05 22000
1704376398128 1.855778475738735e-05 22500
1704376498391 1.8525735529773735e-05 23000
1704376598947 1.849368630216012e-05 23500
1704376699240 1.8461637074546507e-05 24000
1704376799314 1.842958784693289e-05 24500
1704376899438 1.8397538619319275e-05 25000
1704376999503 1.8365489391705662e-05 25500
1704377099643 1.8333440164092046e-05 26000
1704377199363 1.830139093647843e-05 26500
1704377299113 1.8269341708864818e-05 27000
1704377398976 1.8237292481251202e-05 27500
1704377499089 1.8205243253637586e-05 28000
1704377599154 1.8173194026023974e-05 28500
1704377698979 1.814114479841036e-05 29000
1704377798689 1.8109095570796745e-05 29500
1704377898453 1.8077046343183133e-05 30000
1704377998202 1.8044997115569517e-05 30500
1704378098202 1.8012947887955904e-05 31000
1704378197967 1.798089866034229e-05 31500
1704378297803 1.7948849432728673e-05 32000
1704378397611 1.791680020511506e-05 32500
1704378497472 1.7884750977501444e-05 33000
1704378597359 1.7852701749887828e-05 33500
1704378697382 1.7820652522274216e-05 34000
1704378797231 1.77886032946606e-05 34500
1704378897059 1.7756554067046984e-05 35000
1704378996897 1.772450483943337e-05 35500
1704379096715 1.7692455611819756e-05 36000
1704379196464 1.766040638420614e-05 36500
1704379296504 1.7628357156592527e-05 37000
1704379396271 1.759630792897891e-05 37500
1704379496278 1.75642587013653e-05 38000
1704379596357 1.7532209473751686e-05 38500
1704379696526 1.750016024613807e-05 39000
1704379796635 1.7468111018524454e-05 39500
1704379896438 1.7436061790910842e-05 40000
1704379996559 1.7404012563297226e-05 40500
1704380096916 1.737196333568361e-05 41000
1704380196908 1.7339914108069998e-05 41500
1704380296862 1.7307864880456382e-05 42000
1704380396727 1.727581565284277e-05 42500
1704380496637 1.7243766425229153e-05 43000
1704380596409 1.7211717197615537e-05 43500
1704380696248 1.7179667970001925e-05 44000
1704380796060 1.714761874238831e-05 44500
1704380895848 1.7115569514774693e-05 45000
1704380995859 1.708352028716108e-05 45500
1704381095640 1.7051471059547465e-05 46000
1704381195519 1.7019421831933852e-05 46500
1704381295318 1.6987372604320236e-05 47000
1704381395193 1.6955323376706624e-05 47500
1704381494993 1.6923274149093008e-05 48000
1704381595459 1.6891224921479395e-05 48500
1704381695621 1.685917569386578e-05 49000
1704381795793 1.6827126466252164e-05 49500
1704381895944 1.679507723863855e-05 50000
1704381995932 1.6763028011024935e-05 50500
1704382095798 1.673097878341132e-05 51000
1704382195590 1.6698929555797707e-05 51500
1704382295403 1.666688032818409e-05 52000
1704382395249 1.6634831100570475e-05 52500
1704382495354 1.6602781872956863e-05 53000
1704382595496 1.6570732645343247e-05 53500
1704382695509 1.6538683417729634e-05 54000
1704382795409 1.650663419011602e-05 54500
1704382895336 1.6474584962502406e-05 55000
1704382995462 1.644253573488879e-05 55500
1704383095372 1.6410486507275177e-05 56000
1704383195416 1.637843727966156e-05 56500
1704383295405 1.634638805204795e-05 57000
1704383395293 1.6314338824434333e-05 57500
1704383495152 1.6282289596820717e-05 58000
1704383595016 1.6250240369207105e-05 58500
1704383694971 1.621819114159349e-05 59000
1704383794734 1.6186141913979873e-05 59500
1704383894515 1.615409268636626e-05 60000
1704383994276 1.6122043458752645e-05 60500
1704384094046 1.608999423113903e-05 61000
1704384193826 1.6057945003525416e-05 61500
1704384293789 1.60258957759118e-05 62000
1704384394035 1.5993846548298188e-05 62500
1704384494269 1.5961797320684572e-05 63000
1704384594290 1.592974809307096e-05 63500
1704384694464 1.5897698865457343e-05 64000
1704384794422 1.586564963784373e-05 64500
1704384894611 1.5833600410230115e-05 65000
1704384994764 1.5801551182616503e-05 65500
1704385094846 1.5769501955002887e-05 66000
1704385194866 1.573745272738927e-05 66500
1704385294913 1.5705403499775658e-05 67000
1704385394984 1.5673354272162042e-05 67500
1704385495312 1.5641305044548426e-05 68000
1704385595436 1.5609255816934814e-05 68500
1704385695615 1.5577206589321198e-05 69000
1704385795725 1.5545157361707582e-05 69500
1704385895703 1.551310813409397e-05 70000
1704385995601 1.5481058906480354e-05 70500
1704386095401 1.544900967886674e-05 71000
1704386195352 1.5416960451253125e-05 71500
1704386295280 1.5384911223639513e-05 72000
1704386395528 1.5352861996025897e-05 72500
1704386495598 1.5320812768412284e-05 73000
1704386595720 1.528876354079867e-05 73500
1704386695985 1.5256714313185053e-05 74000
1704386795892 1.522466508557144e-05 74500
1704386895846 1.5192615857957824e-05 75000
1704386995753 1.5160566630344208e-05 75500
1704387095518 1.5128517402730596e-05 76000
1704387195262 1.509646817511698e-05 76500
1704387295527 1.5064418947503366e-05 77000
1704387395520 1.5032369719889752e-05 77500
1704387495241 1.5000320492276137e-05 78000
1704387595104 1.4968271264662523e-05 78500
1704387694839 1.4936222037048909e-05 79000
1704387794571 1.4904172809435293e-05 79500
1704387894454 1.487212358182168e-05 80000
1704387994220 1.4840074354208065e-05 80500
1704388093945 1.480802512659445e-05 81000
1704388194035 1.4775975898980836e-05 81500
1704388294049 1.4743926671367222e-05 82000
1704388393941 1.4711877443753606e-05 82500
1704388494065 1.4679828216139994e-05 83000
1704388593928 1.4647778988526378e-05 83500
1704388693745 1.4615729760912762e-05 84000
1704388793532 1.458368053329915e-05 84500
1704388893702 1.4551631305685534e-05 85000
1704388993818 1.451958207807192e-05 85500
1704389093838 1.4487532850458305e-05 86000
1704389193723 1.4455483622844691e-05 86500
1704389293518 1.4423434395231075e-05 87000
1704389393265 1.4391385167617463e-05 87500
1704389493469 1.4359335940003847e-05 88000
1704389593359 1.432728671239023e-05 88500
1704389693442 1.4295237484776618e-05 89000
1704389793415 1.4263188257163002e-05 89500
1704389893322 1.423113902954939e-05 90000
1704389993241 1.4199089801935776e-05 90500
1704390093328 1.416704057432216e-05 91000
1704390193317 1.4134991346708547e-05 91500
1704390293406 1.4102942119094931e-05 92000
1704390393512 1.4070892891481315e-05 92500
1704390493415 1.4038843663867703e-05 93000
1704390593327 1.4006794436254087e-05 93500
1704390693113 1.3974745208640473e-05 94000
1704390792864 1.3942695981026859e-05 94500
1704390892644 1.3910646753413244e-05 95000
1704390992606 1.3878597525799629e-05 95500
1704391092493 1.3846548298186016e-05 96000
1704391192567 1.38144990705724e-05 96500
1704391292611 1.3782449842958784e-05 97000
1704391392494 1.3750400615345172e-05 97500
1704391492416 1.3718351387731556e-05 98000
1704391592168 1.3686302160117942e-05 98500
1704391692400 1.3654252932504327e-05 99000
1704391792710 1.3622203704890713e-05 99500
1704391892839 1.3590154477277097e-05 100000
1704391992760 1.3558105249663485e-05 100500
1704392092647 1.3526056022049869e-05 101000
1704392192616 1.3494006794436256e-05 101500
1704392292473 1.346195756682264e-05 102000
1704392392499 1.3429908339209026e-05 102500
1704392492440 1.3397859111595412e-05 103000
1704392592898 1.3365809883981798e-05 103500
1704392693037 1.3333760656368182e-05 104000
1704392792868 1.330171142875457e-05 104500
1704392892700 1.3269662201140954e-05 105000
1704392993089 1.3237612973527338e-05 105500
1704393093554 1.3205563745913725e-05 106000
1704393193861 1.317351451830011e-05 106500
1704393294003 1.3141465290686495e-05 107000
1704393394137 1.3109416063072881e-05 107500
1704393494332 1.3077366835459267e-05 108000
1704393594364 1.3045317607845651e-05 108500
1704393694364 1.3013268380232038e-05 109000
1704393794367 1.2981219152618422e-05 109500
1704393894484 1.2949169925004808e-05 110000
1704393994286 1.2917120697391194e-05 110500
1704394094207 1.288507146977758e-05 111000
1704394194111 1.2853022242163964e-05 111500
1704394294085 1.2820973014550351e-05 112000
1704394394007 1.2788923786936736e-05 112500
1704394494076 1.2756874559323123e-05 113000
1704394593959 1.2724825331709507e-05 113500
1704394694253 1.2692776104095891e-05 114000
1704394794320 1.2660726876482279e-05 114500
1704394894476 1.2628677648868663e-05 115000
1704394994538 1.2596628421255049e-05 115500
1704395094800 1.2564579193641435e-05 116000
1704395195150 1.253252996602782e-05 116500
1704395295443 1.2500480738414204e-05 117000
1704395395631 1.2468431510800592e-05 117500
1704395495781 1.2436382283186976e-05 118000
1704395595705 1.2404333055573362e-05 118500
1704395695635 1.2372283827959748e-05 119000
1704395795553 1.2340234600346133e-05 119500
1704395895481 1.2308185372732518e-05 120000
1704395995534 1.2276136145118905e-05 120500
1704396095928 1.2244086917505289e-05 121000
1704396196163 1.2212037689891673e-05 121500
1704396296432 1.217998846227806e-05 122000
1704396396483 1.2147939234664445e-05 122500
1704396496556 1.211589000705083e-05 123000
1704396596461 1.2083840779437216e-05 123500
1704396696386 1.2051791551823602e-05 124000
1704396796459 1.2019742324209986e-05 124500
1704396896354 1.1987693096596374e-05 125000
1704396996258 1.1955643868982758e-05 125500
1704397096225 1.1923594641369145e-05 126000
1704397196134 1.189154541375553e-05 126500
1704397296058 1.1859496186141914e-05 127000
1704397396461 1.1827446958528301e-05 127500
1704397497033 1.1795397730914685e-05 128000
1704397597446 1.1763348503301071e-05 128500
1704397697799 1.1731299275687459e-05 129000
1704397798344 1.1699250048073843e-05 129500
1704397898713 1.1667200820460227e-05 130000
1704397998841 1.1635151592846614e-05 130500
1704398099085 1.1603102365232998e-05 131000
1704398198991 1.1571053137619384e-05 131500
1704398298878 1.153900391000577e-05 132000
1704398398978 1.1506954682392156e-05 132500
1704398498906 1.147490545477854e-05 133000
1704398598808 1.1442856227164927e-05 133500
1704398698763 1.1410806999551311e-05 134000
1704398798695 1.1378757771937696e-05 134500
1704398898628 1.1346708544324083e-05 135000
1704398998738 1.1314659316710467e-05 135500
1704399098713 1.1282610089096853e-05 136000
1704399198643 1.1250560861483239e-05 136500
1704399298561 1.1218511633869625e-05 137000
1704399398478 1.118646240625601e-05 137500
1704399498380 1.1154413178642396e-05 138000
1704399598812 1.112236395102878e-05 138500
1704399699012 1.1090314723415168e-05 139000
1704399799071 1.1058265495801552e-05 139500
1704399898861 1.1026216268187938e-05 140000
1704399998630 1.0994167040574323e-05 140500
1704400098747 1.096211781296071e-05 141000
1704400198813 1.0930068585347093e-05 141500
1704400299061 1.0898019357733481e-05 142000
1704400399156 1.0865970130119865e-05 142500
1704400499107 1.0833920902506249e-05 143000
1704400599025 1.0801871674892637e-05 143500
1704400698956 1.076982244727902e-05 144000
1704400799106 1.0737773219665407e-05 144500
1704400899027 1.0705723992051792e-05 145000
1704400998968 1.0673674764438178e-05 145500
1704401098801 1.0641625536824562e-05 146000
1704401198771 1.060957630921095e-05 146500
1704401298771 1.0577527081597334e-05 147000
1704401398725 1.054547785398372e-05 147500
1704401499189 1.0513428626370105e-05 148000
1704401599338 1.0481379398756491e-05 148500
1704401699302 1.0449330171142877e-05 149000
1704401799443 1.0417280943529263e-05 149500
1704401899452 1.0385231715915647e-05 150000
1704401999588 1.0353182488302034e-05 150500
1704402099898 1.0321133260688419e-05 151000
1704402199984 1.0289084033074803e-05 151500
1704402300132 1.025703480546119e-05 152000
1704402400406 1.0224985577847574e-05 152500
1704402500398 1.019293635023396e-05 153000
1704402600819 1.0160887122620346e-05 153500
1704402701169 1.0128837895006732e-05 154000
1704402801170 1.0096788667393116e-05 154500
1704402901169 1.0064739439779503e-05 155000
1704403001345 1.0032690212165887e-05 155500
1704403101822 1.0000640984552271e-05 156000
1704405659478 9.968591756938659e-06 156500
1704405759435 9.936542529325045e-06 157000
1704405859588 9.90449330171143e-06 157500
1704405959654 9.872444074097816e-06 158000
1704406059860 9.8403948464842e-06 158500
1704406159718 9.808345618870586e-06 159000
1704406259618 9.776296391256972e-06 159500
1704406359478 9.744247163643356e-06 160000
1704406459421 9.712197936029742e-06 160500
1704406559154 9.680148708416128e-06 161000
1704406658846 9.648099480802514e-06 161500
1704406758547 9.6160502531889e-06 162000
1704406858270 9.584001025575285e-06 162500
1704406957988 9.55195179796167e-06 163000
1704407057905 9.519902570348055e-06 163500
1704407157615 9.487853342734441e-06 164000
1704407257312 9.455804115120827e-06 164500
1704407357005 9.42375488750721e-06 165000
1704407456718 9.391705659893597e-06 165500
1704407556882 9.359656432279984e-06 166000
1704407656908 9.327607204666368e-06 166500
1704407756901 9.295557977052754e-06 167000
1704407856789 9.26350874943914e-06 167500
1704407956825 9.231459521825524e-06 168000
1704408056820 9.19941029421191e-06 168500
1704408156727 9.167361066598295e-06 169000
1704408256587 9.135311838984681e-06 169500
1704408356324 9.103262611371067e-06 170000
1704408456045 9.071213383757453e-06 170500
1704408555967 9.039164156143839e-06 171000
1704408655698 9.007114928530223e-06 171500
1704408755420 8.975065700916609e-06 172000
1704408855154 8.943016473302994e-06 172500
1704408954879 8.910967245689378e-06 173000
1704409054923 8.878918018075764e-06 173500
1704409154736 8.84686879046215e-06 174000
1704409254419 8.814819562848536e-06 174500
1704409354092 8.782770335234922e-06 175000
1704409453935 8.750721107621307e-06 175500
1704409554085 8.718671880007693e-06 176000
1704409653951 8.686622652394077e-06 176500
1704409753652 8.654573424780463e-06 177000
1704409853350 8.622524197166849e-06 177500
1704409953389 8.590474969553235e-06 178000
1704410053377 8.55842574193962e-06 178500
1704410153376 8.526376514326006e-06 179000
1704410253424 8.49432728671239e-06 179500
1704410353307 8.462278059098776e-06 180000
1704410453003 8.430228831485162e-06 180500
1704410552674 8.398179603871546e-06 181000
1704410652370 8.366130376257932e-06 181500
1704410752027 8.334081148644318e-06 182000
1704410851723 8.302031921030704e-06 182500
1704410951542 8.26998269341709e-06 183000
1704411051246 8.237933465803475e-06 183500
1704411150919 8.205884238189861e-06 184000
1704411250644 8.173835010576245e-06 184500
1704411350610 8.141785782962631e-06 185000
1704411450683 8.109736555349017e-06 185500
1704411550597 8.077687327735403e-06 186000
1704411650462 8.045638100121788e-06 186500
1704411750208 8.013588872508174e-06 187000
1704411850056 7.98153964489456e-06 187500
1704411949650 7.949490417280944e-06 188000
1704412049322 7.91744118966733e-06 188500
1704412149211 7.885391962053716e-06 189000
1704412249370 7.8533427344401e-06 189500
1704412349434 7.821293506826486e-06 190000
1704412449418 7.789244279212871e-06 190500
1704412549496 7.757195051599257e-06 191000
1704412649330 7.725145823985643e-06 191500
1704412749289 7.693096596372029e-06 192000
1704412849482 7.661047368758413e-06 192500
1704412949470 7.628998141144799e-06 193000
1704413049548 7.5969489135311845e-06 193500
1704413149548 7.56489968591757e-06 194000
1704413249786 7.532850458303955e-06 194500
1704413350031 7.500801230690341e-06 195000
1704413450286 7.468752003076727e-06 195500
1704413550164 7.436702775463112e-06 196000
1704413650241 7.4046535478494976e-06 196500
1704413750586 7.372604320235883e-06 197000
1704413850829 7.340555092622268e-06 197500
1704413950896 7.308505865008654e-06 198000
1704414050969 7.27645663739504e-06 198500
1704414151162 7.244407409781424e-06 199000
1704414251054 7.21235818216781e-06 199500
1704414351200 7.180308954554196e-06 200000
1704414451583 7.1482597269405814e-06 200500
1704414551746 7.116210499326966e-06 201000
1704414651784 7.084161271713352e-06 201500
1704414751547 7.052112044099738e-06 202000
1704414851577 7.020062816486123e-06 202500
1704414951276 6.988013588872509e-06 203000
1704415051432 6.9559643612588945e-06 203500
1704415151047 6.9239151336452795e-06 204000
1704415250929 6.891865906031665e-06 204500
1704415350971 6.859816678418051e-06 205000
1704415451144 6.827767450804437e-06 205500
1704415551053 6.795718223190821e-06 206000
1704415651188 6.763668995577208e-06 206500
1704415750946 6.7316197679635934e-06 207000
1704415850997 6.6995705403499776e-06 207500
1704415950625 6.667521312736363e-06 208000
1704416050787 6.635472085122749e-06 208500
1704416150538 6.603422857509134e-06 209000
1704416250421 6.57137362989552e-06 209500
1704416350488 6.539324402281906e-06 210000
1704416450441 6.507275174668291e-06 210500
1704416550186 6.4752259470546765e-06 211000
1704416649975 6.443176719441062e-06 211500
1704416749902 6.411127491827448e-06 212000
1704416849740 6.379078264213833e-06 212500
1704416949504 6.347029036600219e-06 213000
1704417049350 6.314979808986605e-06 213500
1704417149208 6.282930581372989e-06 214000
1704417249066 6.2508813537593745e-06 214500
1704417348984 6.21883212614576e-06 215000
1704417448825 6.186782898532145e-06 215500
1704417549216 6.154733670918531e-06 216000
1704417649479 6.122684443304917e-06 216500
1704417749568 6.090635215691302e-06 217000
1704417849559 6.058585988077688e-06 217500
1704417949348 6.0265367604640734e-06 218000
1704418049206 5.994487532850459e-06 218500
1704418149006 5.962438305236844e-06 219000
1704418248871 5.93038907762323e-06 219500
1704418348883 5.898339850009616e-06 220000
1704418448765 5.866290622396001e-06 220500
1704418548514 5.8342413947823865e-06 221000
1704418649583 5.802192167168772e-06 221500
1704418750438 5.7701429395551565e-06 222000
1704418851324 5.738093711941542e-06 222500
1704418952241 5.706044484327928e-06 223000
1704419052459 5.673995256714314e-06 223500
1704419153822 5.641946029100699e-06 224000
1704419253537 5.609896801487085e-06 224500
1704419353190 5.57784757387347e-06 225000
1704419452933 5.545798346259855e-06 225500
1704419553086 5.513749118646241e-06 226000
1704419653097 5.481699891032627e-06 226500
1704419753226 5.449650663419012e-06 227000
1704419853293 5.417601435805398e-06 227500
1704419953099 5.3855522081917835e-06 228000
1704420053132 5.353502980578168e-06 228500
1704420152767 5.321453752964553e-06 229000
1704420252486 5.289404525350939e-06 229500
1704420352328 5.257355297737326e-06 230000
1704420452523 5.22530607012371e-06 230500
1704420552371 5.193256842510096e-06 231000
1704420652223 5.161207614896482e-06 231500
1704420751855 5.1291583872828665e-06 232000
1704420851893 5.097109159669252e-06 232500
1704420952046 5.065059932055638e-06 233000
1704421052112 5.033010704442023e-06 233500
1704421152150 5.000961476828409e-06 234000
1704421252071 4.968912249214795e-06 234500
1704421352081 4.93686302160118e-06 235000
1704421451844 4.9048137939875654e-06 235500
1704421552140 4.872764566373951e-06 236000
1704421652036 4.840715338760336e-06 236500
1704421751904 4.808666111146722e-06 237000
1704421851821 4.776616883533107e-06 237500
1704421951851 4.744567655919493e-06 238000
1704422051632 4.7125184283058785e-06 238500
1704422151335 4.6804692006922635e-06 239000
1704422251109 4.648419973078649e-06 239500
1704422351132 4.616370745465035e-06 240000
1704422451223 4.58432151785142e-06 240500
1704422551282 4.552272290237806e-06 241000
1704422651202 4.520223062624191e-06 241500
1704422751052 4.488173835010577e-06 242000
1704422851169 4.456124607396962e-06 242500
1704422951028 4.424075379783347e-06 243000
1704423050934 4.392026152169733e-06 243500
1704423150733 4.359976924556118e-06 244000
1704423250609 4.327927696942504e-06 244500
1704423350929 4.29587846932889e-06 245000
1704423451424 4.263829241715275e-06 245500
1704423551787 4.2317800141016605e-06 246000
1704423651885 4.199730786488046e-06 246500
1704423751759 4.167681558874431e-06 247000
1704423851681 4.135632331260817e-06 247500
1704423951508 4.103583103647202e-06 248000
1704424051757 4.071533876033588e-06 248500
1704424152197 4.039484648419974e-06 249000
1704424252422 4.0074354208063585e-06 249500
1704424352736 3.975386193192744e-06 250000
1704424452938 3.94333696557913e-06 250500
1704424553112 3.911287737965515e-06 251000
1704424653303 3.879238510351901e-06 251500
1704424753323 3.847189282738286e-06 252000
1704424853191 3.815140055124672e-06 252500
1704424953494 3.7830908275110574e-06 253000
1704425053657 3.7510415998974424e-06 253500
1704425153827 3.718992372283828e-06 254000
1704425253860 3.6869431446702136e-06 254500
1704425353868 3.6548939170565994e-06 255000
1704425454086 3.6228446894429848e-06 255500
1704425553910 3.59079546182937e-06 256000
1704425653799 3.558746234215756e-06 256500
1704425754114 3.526697006602141e-06 257000
1704425854626 3.494647778988527e-06 257500
1704425954585 3.462598551374912e-06 258000
1704426054455 3.4305493237612974e-06 258500
1704426154391 3.3985000961476832e-06 259000
1704426254293 3.3664508685340686e-06 259500
1704426354290 3.334401640920454e-06 260000
1704426454167 3.30235241330684e-06 260500
1704426554450 3.2703031856932247e-06 261000
1704426654536 3.2382539580796105e-06 261500
1704426754514 3.206204730465996e-06 262000
1704426854419 3.1741555028523813e-06 262500
1704426954283 3.142106275238767e-06 263000
1704427054712 3.1100570476251525e-06 263500
1704427154909 3.0780078200115383e-06 264000
1704427254805 3.0459585923979237e-06 264500
1704427354437 3.0139093647843086e-06 265000
1704427454133 2.9818601371706944e-06 265500
1704427553801 2.94981090955708e-06 266000
1704427653648 2.9177616819434656e-06 266500
1704427753437 2.885712454329851e-06 267000
1704427853486 2.8536632267162363e-06 267500
1704427953276 2.821613999102622e-06 268000
1704428053751 2.789564771489007e-06 268500
1704428153877 2.7575155438753925e-06 269000
1704428253866 2.7254663162617783e-06 269500
1704428353884 2.6934170886481637e-06 270000
1704428453794 2.6613678610345495e-06 270500
1704428553964 2.629318633420935e-06 271000
1704428654330 2.59726940580732e-06 271500
1704428754639 2.565220178193706e-06 272000
1704428854671 2.533170950580091e-06 272500
1704428954644 2.5011217229664768e-06 273000
1704429054542 2.469072495352862e-06 273500
1704429154388 2.437023267739248e-06 274000
1704429254317 2.4049740401256333e-06 274500
1704429354836 2.3729248125120187e-06 275000
1704429455210 2.340875584898404e-06 275500
1704429555542 2.3088263572847894e-06 276000
1704429655724 2.2767771296711752e-06 276500
1704429755916 2.2447279020575606e-06 277000
1704429856326 2.212678674443946e-06 277500
1704429956464 2.1806294468303314e-06 278000
1704430056544 2.148580219216717e-06 278500
1704430156543 2.1165309916031026e-06 279000
1704430256656 2.084481763989488e-06 279500
1704430356506 2.0524325363758733e-06 280000
1704430456736 2.020383308762259e-06 280500
1704430557085 1.9883340811486445e-06 281000
1704430657318 1.95628485353503e-06 281500
1704430757315 1.9242356259214152e-06 282000
1704430857434 1.8921863983078008e-06 282500
1704430957312 1.8601371706941864e-06 283000
1704431057265 1.828087943080572e-06 283500
1704431157279 1.7960387154669574e-06 284000
1704431257700 1.7639894878533428e-06 284500
1704431357709 1.7319402602397283e-06 285000
1704431457907 1.699891032626114e-06 285500
1704431557949 1.667841805012499e-06 286000
1704431657962 1.6357925773988847e-06 286500
1704431757777 1.6037433497852703e-06 287000
1704431857853 1.5716941221716559e-06 287500
1704431957711 1.5396448945580415e-06 288000
1704432057805 1.5075956669444266e-06 288500
1704432158173 1.4755464393308122e-06 289000
1704432258265 1.4434972117171978e-06 289500
1704432358344 1.4114479841035834e-06 290000
1704432458379 1.3793987564899686e-06 290500
1704432558499 1.3473495288763541e-06 291000
1704432658874 1.3153003012627397e-06 291500
1704432759024 1.2832510736491251e-06 292000
1704432859204 1.2512018460355107e-06 292500
1704432959234 1.219152618421896e-06 293000
1704433059502 1.1871033908082817e-06 293500
1704433159347 1.155054163194667e-06 294000
1704433259336 1.1230049355810526e-06 294500
1704433359236 1.090955707967438e-06 295000
1704433459360 1.0589064803538236e-06 295500
1704433559407 1.026857252740209e-06 296000
1704433659683 9.948080251265946e-07 296500
1704433760055 9.6275879751298e-07 297000
1704433859999 9.307095698993655e-07 297500
1704433959848 8.986603422857509e-07 298000
1704434059951 8.666111146721365e-07 298500
1704434160272 8.345618870585219e-07 299000
1704434260614 8.025126594449075e-07 299500
1704434360789 7.704634318312929e-07 300000
1704434461224 7.384142042176784e-07 300500
1704434561413 7.063649766040639e-07 301000
1704434661729 6.743157489904494e-07 301500
1704434761840 6.422665213768349e-07 302000
1704434861997 6.102172937632204e-07 302500
1704434962110 5.781680661496058e-07 303000
1704435062096 5.461188385359913e-07 303500
1704435162011 5.140696109223768e-07 304000
1704435262033 4.820203833087623e-07 304500
1704435362136 4.4997115569514777e-07 305000
1704435462106 4.1792192808153325e-07 305500
1704435562002 3.8587270046791874e-07 306000
1704435661965 3.5382347285430427e-07 306500
1704435761851 3.2177424524068975e-07 307000
1704435861793 2.8972501762707524e-07 307500
1704435961853 2.576757900134607e-07 308000
1704436061803 2.2562656239984618e-07 308500
1704436161686 1.9357733478623166e-07 309000
1704436261649 1.6152810717261717e-07 309500
1704436361542 1.2947887955900265e-07 310000
1704436461469 9.742965194538812e-08 310500
1704436561861 6.53804243317736e-08 311000
1704436662449 3.3331196718159093e-08 311500
1704436762848 1.2819691045445805e-09 312000
