1704371991939 0.6479 500
1704372092039 0.6276 1000
1704372192069 0.6201 1500
1704372292121 0.6223 2000
1704372392329 0.6186 2500
1704372492424 0.615 3000
1704372592488 0.6207 3500
1704372692424 0.6323 4000
1704372792470 0.6279 4500
1704372892728 0.626 5000
1704372992608 0.6305 5500
1704373093210 0.6126 6000
1704373193619 0.6135 6500
1704373294050 0.6148 7000
1704373394322 0.6366 7500
1704373494587 0.6364 8000
1704373594811 0.68 8500
1704373694778 0.63 9000
1704373794722 0.6234 9500
1704373894851 0.6268 10000
1704373994739 0.6266 10500
1704374095195 0.6214 11000
1704374195249 0.6399 11500
1704374295250 0.6571 12000
1704374395158 0.6628 12500
1704374495164 0.6588 13000
1704374595088 0.6477 13500
1704374695230 0.6571 14000
1704374795658 0.6582 14500
1704374896267 0.6367 15000
1704374996440 0.645 15500
1704375096686 0.6362 16000
1704375196822 0.6258 16500
1704375297128 0.6257 17000
1704375397323 0.6186 17500
1704375497491 0.6364 18000
1704375597509 0.6248 18500
1704375697611 0.6241 19000
1704375797732 0.6293 19500
1704375897701 0.6258 20000
1704375998000 0.6213 20500
1704376098292 0.6405 21000
1704376198257 0.6361 21500
1704376298218 0.6271 22000
1704376398128 0.6332 22500
1704376498391 0.6286 23000
1704376598947 0.6417 23500
1704376699240 0.6601 24000
1704376799314 0.6535 24500
1704376899438 0.6501 25000
1704376999503 0.6524 25500
1704377099643 0.6389 26000
1704377199363 0.643 26500
1704377299113 0.6386 27000
1704377398976 0.6417 27500
1704377499089 0.6402 28000
1704377599154 0.6315 28500
1704377698979 0.6392 29000
1704377798689 0.6345 29500
1704377898453 0.639 30000
1704377998202 0.6593 30500
1704378098202 0.6435 31000
1704378197967 0.6391 31500
1704378297803 0.6511 32000
1704378397611 0.6652 32500
1704378497472 0.659 33000
1704378597359 0.664 33500
1704378697382 0.6727 34000
1704378797231 0.6794 34500
1704378897059 0.6658 35000
1704378996897 0.673 35500
1704379096715 0.6762 36000
1704379196464 0.6744 36500
1704379296504 0.6828 37000
1704379396271 0.6823 37500
1704379496278 0.6833 38000
1704379596357 0.6842 38500
1704379696526 0.6848 39000
1704379796635 0.6792 39500
1704379896438 0.6801 40000
1704379996559 0.6823 40500
1704380096916 0.6819 41000
1704380196908 0.6833 41500
1704380296862 0.6823 42000
1704380396727 0.6829 42500
1704380496637 0.685 43000
1704380596409 0.6806 43500
1704380696248 0.681 44000
1704380796060 0.6844 44500
1704380895848 0.6782 45000
1704380995859 0.6791 45500
1704381095640 0.6817 46000
1704381195519 0.678 46500
1704381295318 0.6794 47000
1704381395193 0.6815 47500
1704381494993 0.6851 48000
1704381595459 0.6791 48500
1704381695621 0.6545 49000
1704381795793 0.6441 49500
1704381895944 0.6457 50000
1704381995932 0.6605 50500
1704382095798 0.655 51000
1704382195590 0.6582 51500
1704382295403 0.6582 52000
1704382395249 0.6577 52500
1704382495354 0.6652 53000
1704382595496 0.6646 53500
1704382695509 0.6601 54000
1704382795409 0.6628 54500
1704382895336 0.6517 55000
1704382995462 0.65 55500
1704383095372 0.6531 56000
1704383195416 0.6811 56500
1704383295405 0.6684 57000
1704383395293 0.6622 57500
1704383495152 0.6562 58000
1704383595016 0.6533 58500
1704383694971 0.6555 59000
1704383794734 0.6783 59500
1704383894515 0.6726 60000
1704383994276 0.6757 60500
1704384094046 0.6823 61000
1704384193826 0.6819 61500
1704384293789 0.6782 62000
1704384394035 0.6812 62500
1704384494269 0.6789 63000
1704384594290 0.6829 63500
1704384694464 0.6855 64000
1704384794422 0.6822 64500
1704384894611 0.6812 65000
1704384994764 0.6858 65500
1704385094846 0.6836 66000
1704385194866 0.6838 66500
1704385294913 0.6804 67000
1704385394984 0.682 67500
1704385495312 0.6807 68000
1704385595436 0.6844 68500
1704385695615 0.6813 69000
1704385795725 0.6819 69500
1704385895703 0.6788 70000
1704385995601 0.6849 70500
1704386095401 0.682 71000
1704386195352 0.6825 71500
1704386295280 0.6828 72000
1704386395528 0.6828 72500
1704386495598 0.6828 73000
1704386595720 0.6814 73500
1704386695985 0.6811 74000
1704386795892 0.6815 74500
1704386895846 0.6811 75000
1704386995753 0.6794 75500
1704387095518 0.6808 76000
1704387195262 0.6846 76500
1704387295527 0.6804 77000
1704387395520 0.682 77500
1704387495241 0.6804 78000
1704387595104 0.6817 78500
1704387694839 0.6786 79000
1704387794571 0.6819 79500
1704387894454 0.68 80000
1704387994220 0.6838 80500
1704388093945 0.6774 81000
1704388194035 0.6805 81500
1704388294049 0.6807 82000
1704388393941 0.6809 82500
1704388494065 0.6841 83000
1704388593928 0.6814 83500
1704388693745 0.6811 84000
1704388793532 0.6822 84500
1704388893702 0.681 85000
1704388993818 0.6809 85500
1704389093838 0.6811 86000
1704389193723 0.6793 86500
1704389293518 0.6796 87000
1704389393265 0.6803 87500
1704389493469 0.6819 88000
1704389593359 0.6825 88500
1704389693442 0.6806 89000
1704389793415 0.6803 89500
1704389893322 0.6816 90000
1704389993241 0.6817 90500
1704390093328 0.6804 91000
1704390193317 0.681 91500
1704390293406 0.6817 92000
1704390393512 0.682 92500
1704390493415 0.6813 93000
1704390593327 0.6803 93500
1704390693113 0.6837 94000
1704390792864 0.6837 94500
1704390892644 0.6811 95000
1704390992606 0.6805 95500
1704391092493 0.6801 96000
1704391192567 0.6823 96500
1704391292611 0.6826 97000
1704391392494 0.6816 97500
1704391492416 0.679 98000
1704391592168 0.6794 98500
1704391692400 0.6788 99000
1704391792710 0.6803 99500
1704391892839 0.6812 100000
1704391992760 0.6794 100500
1704392092647 0.6826 101000
1704392192616 0.6835 101500
1704392292473 0.6847 102000
1704392392499 0.6817 102500
1704392492440 0.6817 103000
1704392592898 0.6807 103500
1704392693037 0.6816 104000
1704392792868 0.6861 104500
1704392892700 0.6827 105000
1704392993089 0.6789 105500
1704393093554 0.679 106000
1704393193861 0.6823 106500
1704393294003 0.6802 107000
1704393394137 0.681 107500
1704393494332 0.6835 108000
1704393594364 0.6826 108500
1704393694364 0.6817 109000
1704393794367 0.6815 109500
1704393894484 0.6837 110000
1704393994286 0.6823 110500
1704394094207 0.6819 111000
1704394194111 0.679 111500
1704394294085 0.6815 112000
1704394394007 0.6809 112500
1704394494076 0.6796 113000
1704394593959 0.6823 113500
1704394694253 0.6792 114000
1704394794320 0.685 114500
1704394894476 0.6816 115000
1704394994538 0.68 115500
1704395094800 0.682 116000
1704395195150 0.6808 116500
1704395295443 0.6797 117000
1704395395631 0.6839 117500
1704395495781 0.6822 118000
1704395595705 0.6807 118500
1704395695635 0.6826 119000
1704395795553 0.6841 119500
1704395895481 0.6815 120000
1704395995534 0.6824 120500
1704396095928 0.6812 121000
1704396196163 0.6825 121500
1704396296432 0.6803 122000
1704396396483 0.6819 122500
1704396496556 0.6843 123000
1704396596461 0.6807 123500
1704396696386 0.6807 124000
1704396796459 0.6827 124500
1704396896354 0.6822 125000
1704396996258 0.6809 125500
1704397096225 0.6793 126000
1704397196134 0.6843 126500
1704397296058 0.6796 127000
1704397396461 0.6812 127500
1704397497033 0.6876 128000
1704397597446 0.6836 128500
1704397697799 0.6834 129000
1704397798344 0.6804 129500
1704397898713 0.68 130000
1704397998841 0.682 130500
1704398099085 0.6809 131000
1704398198991 0.6833 131500
1704398298878 0.682 132000
1704398398978 0.6833 132500
1704398498906 0.6804 133000
1704398598808 0.6829 133500
1704398698763 0.683 134000
1704398798695 0.6808 134500
1704398898628 0.682 135000
1704398998738 0.6811 135500
1704399098713 0.6824 136000
1704399198643 0.6792 136500
1704399298561 0.6788 137000
1704399398478 0.6827 137500
1704399498380 0.6811 138000
1704399598812 0.6813 138500
1704399699012 0.6817 139000
1704399799071 0.6846 139500
1704399898861 0.682 140000
1704399998630 0.6852 140500
1704400098747 0.6824 141000
1704400198813 0.6806 141500
1704400299061 0.6812 142000
1704400399156 0.6801 142500
1704400499107 0.682 143000
1704400599025 0.6796 143500
1704400698956 0.6811 144000
1704400799106 0.6801 144500
1704400899027 0.6781 145000
1704400998968 0.6828 145500
1704401098801 0.6796 146000
1704401198771 0.6834 146500
1704401298771 0.681 147000
1704401398725 0.6814 147500
1704401499189 0.6814 148000
1704401599338 0.6801 148500
1704401699302 0.6795 149000
1704401799443 0.6828 149500
1704401899452 0.6823 150000
1704401999588 0.6805 150500
1704402099898 0.6819 151000
1704402199984 0.6815 151500
1704402300132 0.6813 152000
1704402400406 0.6825 152500
1704402500398 0.6842 153000
1704402600819 0.6826 153500
1704402701169 0.6827 154000
1704402801170 0.6814 154500
1704402901169 0.6807 155000
1704403001345 0.6792 155500
1704403101822 0.6803 156000
1704405659478 0.68 156500
1704405759435 0.6832 157000
1704405859588 0.6869 157500
1704405959654 0.6818 158000
1704406059860 0.6802 158500
1704406159718 0.6809 159000
1704406259618 0.6829 159500
1704406359478 0.6817 160000
1704406459421 0.6808 160500
1704406559154 0.6816 161000
1704406658846 0.6808 161500
1704406758547 0.6818 162000
1704406858270 0.6817 162500
1704406957988 0.6852 163000
1704407057905 0.6816 163500
1704407157615 0.6827 164000
1704407257312 0.6802 164500
1704407357005 0.6841 165000
1704407456718 0.6833 165500
1704407556882 0.6824 166000
1704407656908 0.6836 166500
1704407756901 0.6813 167000
1704407856789 0.6823 167500
1704407956825 0.6788 168000
1704408056820 0.6852 168500
1704408156727 0.6813 169000
1704408256587 0.679 169500
1704408356324 0.6826 170000
1704408456045 0.6857 170500
1704408555967 0.6816 171000
1704408655698 0.6831 171500
1704408755420 0.6837 172000
1704408855154 0.6791 172500
1704408954879 0.6862 173000
1704409054923 0.6827 173500
1704409154736 0.6798 174000
1704409254419 0.6803 174500
1704409354092 0.6819 175000
1704409453935 0.6817 175500
1704409554085 0.6803 176000
1704409653951 0.6801 176500
1704409753652 0.6817 177000
1704409853350 0.6801 177500
1704409953389 0.6835 178000
1704410053377 0.6838 178500
1704410153376 0.6814 179000
1704410253424 0.6819 179500
1704410353307 0.6813 180000
1704410453003 0.6785 180500
1704410552674 0.6815 181000
1704410652370 0.6799 181500
1704410752027 0.6813 182000
1704410851723 0.6834 182500
1704410951542 0.6818 183000
1704411051246 0.6802 183500
1704411150919 0.6821 184000
1704411250644 0.6818 184500
1704411350610 0.6819 185000
1704411450683 0.684 185500
1704411550597 0.6831 186000
1704411650462 0.6843 186500
1704411750208 0.6796 187000
1704411850056 0.681 187500
1704411949650 0.6773 188000
1704412049322 0.6821 188500
1704412149211 0.6817 189000
1704412249370 0.6816 189500
1704412349434 0.6792 190000
1704412449418 0.6805 190500
1704412549496 0.6833 191000
1704412649330 0.684 191500
1704412749289 0.6811 192000
1704412849482 0.6825 192500
1704412949470 0.6819 193000
1704413049548 0.6835 193500
1704413149548 0.6787 194000
1704413249786 0.6805 194500
1704413350031 0.6811 195000
1704413450286 0.6828 195500
1704413550164 0.6826 196000
1704413650241 0.6815 196500
1704413750586 0.6799 197000
1704413850829 0.6804 197500
1704413950896 0.6791 198000
1704414050969 0.6816 198500
1704414151162 0.6824 199000
1704414251054 0.6824 199500
1704414351200 0.6806 200000
1704414451583 0.6818 200500
1704414551746 0.6806 201000
1704414651784 0.6834 201500
1704414751547 0.6831 202000
1704414851577 0.6847 202500
1704414951276 0.6846 203000
1704415051432 0.681 203500
1704415151047 0.6815 204000
1704415250929 0.6809 204500
1704415350971 0.6798 205000
1704415451144 0.6819 205500
1704415551053 0.6809 206000
1704415651188 0.6784 206500
1704415750946 0.6812 207000
1704415850997 0.6829 207500
1704415950625 0.6852 208000
1704416050787 0.6827 208500
1704416150538 0.6816 209000
1704416250421 0.6809 209500
1704416350488 0.6809 210000
1704416450441 0.6829 210500
1704416550186 0.6835 211000
1704416649975 0.6805 211500
1704416749902 0.6805 212000
1704416849740 0.6837 212500
1704416949504 0.6827 213000
1704417049350 0.6824 213500
1704417149208 0.6788 214000
1704417249066 0.6778 214500
1704417348984 0.6817 215000
1704417448825 0.6811 215500
1704417549216 0.6804 216000
1704417649479 0.6805 216500
1704417749568 0.6809 217000
1704417849559 0.682 217500
1704417949348 0.6804 218000
1704418049206 0.681 218500
1704418149006 0.6819 219000
1704418248871 0.6796 219500
1704418348883 0.6763 220000
1704418448765 0.6806 220500
1704418548514 0.6837 221000
1704418649583 0.6823 221500
1704418750438 0.6788 222000
1704418851324 0.6825 222500
1704418952241 0.6784 223000
1704419052459 0.6856 223500
1704419153822 0.6791 224000
1704419253537 0.682 224500
1704419353190 0.6787 225000
1704419452933 0.6821 225500
1704419553086 0.6807 226000
1704419653097 0.6828 226500
1704419753226 0.6775 227000
1704419853293 0.6826 227500
1704419953099 0.681 228000
1704420053132 0.6793 228500
1704420152767 0.6772 229000
1704420252486 0.6844 229500
1704420352328 0.6826 230000
1704420452523 0.6833 230500
1704420552371 0.6807 231000
1704420652223 0.679 231500
1704420751855 0.6843 232000
1704420851893 0.6827 232500
1704420952046 0.6827 233000
1704421052112 0.6849 233500
1704421152150 0.6792 234000
1704421252071 0.6787 234500
1704421352081 0.6829 235000
1704421451844 0.6809 235500
1704421552140 0.6804 236000
1704421652036 0.6825 236500
1704421751904 0.6806 237000
1704421851821 0.6819 237500
1704421951851 0.682 238000
1704422051632 0.6772 238500
1704422151335 0.6799 239000
1704422251109 0.6812 239500
1704422351132 0.6789 240000
1704422451223 0.6813 240500
1704422551282 0.6831 241000
1704422651202 0.6796 241500
1704422751052 0.6813 242000
1704422851169 0.6792 242500
1704422951028 0.6843 243000
1704423050934 0.6816 243500
1704423150733 0.682 244000
1704423250609 0.6795 244500
1704423350929 0.6798 245000
1704423451424 0.6809 245500
1704423551787 0.6796 246000
1704423651885 0.6785 246500
1704423751759 0.6825 247000
1704423851681 0.6806 247500
1704423951508 0.6811 248000
1704424051757 0.6794 248500
1704424152197 0.6841 249000
1704424252422 0.6791 249500
1704424352736 0.6799 250000
1704424452938 0.6822 250500
1704424553112 0.683 251000
1704424653303 0.6814 251500
1704424753323 0.6809 252000
1704424853191 0.6825 252500
1704424953494 0.6811 253000
1704425053657 0.6832 253500
1704425153827 0.6814 254000
1704425253860 0.6828 254500
1704425353868 0.6826 255000
1704425454086 0.6803 255500
1704425553910 0.6833 256000
1704425653799 0.6805 256500
1704425754114 0.6819 257000
1704425854626 0.6801 257500
1704425954585 0.6813 258000
1704426054455 0.6818 258500
1704426154391 0.6769 259000
1704426254293 0.6818 259500
1704426354290 0.6809 260000
1704426454167 0.6818 260500
1704426554450 0.6785 261000
1704426654536 0.682 261500
1704426754514 0.6803 262000
1704426854419 0.6822 262500
1704426954283 0.6793 263000
1704427054712 0.6778 263500
1704427154909 0.6809 264000
1704427254805 0.6794 264500
1704427354437 0.6799 265000
1704427454133 0.6808 265500
1704427553801 0.6804 266000
1704427653648 0.6818 266500
1704427753437 0.6805 267000
1704427853486 0.6798 267500
1704427953276 0.6813 268000
1704428053751 0.6787 268500
1704428153877 0.6825 269000
1704428253866 0.68 269500
1704428353884 0.6834 270000
1704428453794 0.6809 270500
1704428553964 0.682 271000
1704428654330 0.6813 271500
1704428754639 0.6792 272000
1704428854671 0.6809 272500
1704428954644 0.6788 273000
1704429054542 0.6815 273500
1704429154388 0.6792 274000
1704429254317 0.6803 274500
1704429354836 0.6813 275000
1704429455210 0.68 275500
1704429555542 0.6806 276000
1704429655724 0.6836 276500
1704429755916 0.6826 277000
1704429856326 0.6817 277500
1704429956464 0.6828 278000
1704430056544 0.6827 278500
1704430156543 0.6846 279000
1704430256656 0.684 279500
1704430356506 0.6815 280000
1704430456736 0.6825 280500
1704430557085 0.6811 281000
1704430657318 0.6828 281500
1704430757315 0.6836 282000
1704430857434 0.6849 282500
1704430957312 0.678 283000
1704431057265 0.6814 283500
1704431157279 0.6797 284000
1704431257700 0.6801 284500
1704431357709 0.6803 285000
1704431457907 0.6849 285500
1704431557949 0.6835 286000
1704431657962 0.6792 286500
1704431757777 0.6802 287000
1704431857853 0.6799 287500
1704431957711 0.6822 288000
1704432057805 0.6803 288500
1704432158173 0.6832 289000
1704432258265 0.6821 289500
1704432358344 0.679 290000
1704432458379 0.6836 290500
1704432558499 0.6814 291000
1704432658874 0.682 291500
1704432759024 0.6815 292000
1704432859204 0.6813 292500
1704432959234 0.6789 293000
1704433059502 0.6818 293500
1704433159347 0.6833 294000
1704433259336 0.6812 294500
1704433359236 0.6842 295000
1704433459360 0.6822 295500
1704433559407 0.6812 296000
1704433659683 0.6823 296500
1704433760055 0.6828 297000
1704433859999 0.6824 297500
1704433959848 0.681 298000
1704434059951 0.6814 298500
1704434160272 0.6811 299000
1704434260614 0.6804 299500
1704434360789 0.6792 300000
1704434461224 0.6784 300500
1704434561413 0.6828 301000
1704434661729 0.6815 301500
1704434761840 0.6798 302000
1704434861997 0.6809 302500
1704434962110 0.6827 303000
1704435062096 0.681 303500
1704435162011 0.6834 304000
1704435262033 0.6848 304500
1704435362136 0.6828 305000
1704435462106 0.6833 305500
1704435562002 0.6822 306000
1704435661965 0.6821 306500
1704435761851 0.6792 307000
1704435861793 0.6822 307500
1704435961853 0.6814 308000
1704436061803 0.6842 308500
1704436161686 0.6826 309000
1704436261649 0.6807 309500
1704436361542 0.6825 310000
1704436461469 0.6798 310500
1704436561861 0.6804 311000
1704436662449 0.6828 311500
1704436762848 0.6832 312000
