1704364504852 0.0 500
1704364604757 0.01 1000
1704364704561 0.01 1500
1704364804204 0.01 2000
1704364904397 0.02 2500
1704365004277 0.02 3000
1704365104283 0.02 3500
1704365203967 0.03 4000
1704365303754 0.03 4500
1704365404075 0.03 5000
1704365504027 0.04 5500
1704365603857 0.04 6000
1704365703995 0.04 6500
1704365803997 0.04 7000
1704365904103 0.05 7500
1704366004513 0.05 8000
1704366104636 0.05 8500
1704366204628 0.06 9000
1704366304437 0.06 9500
1704366404251 0.06 10000
1704366504125 0.07 10500
1704366604387 0.07 11000
1704366704638 0.07 11500
1704366804872 0.08 12000
1704366904989 0.08 12500
1704367004751 0.08 13000
1704367104530 0.09 13500
1704367204325 0.09 14000
1704367304002 0.09 14500
1704367403682 0.1 15000
1704367503829 0.1 15500
1704367603884 0.1 16000
1704367703983 0.11 16500
1704367804199 0.11 17000
1704367904176 0.11 17500
1704368004045 0.12 18000
1704368103746 0.12 18500
1704368203415 0.12 19000
1704368303601 0.12 19500
1704368403752 0.13 20000
1704368503780 0.13 20500
1704368603748 0.13 21000
1704368703792 0.14 21500
1704368803739 0.14 22000
1704368903637 0.14 22500
1704369003527 0.15 23000
1704369103343 0.15 23500
1704369203103 0.15 24000
1704369302904 0.16 24500
1704369402878 0.16 25000
1704369502684 0.16 25500
1704369602467 0.17 26000
1704369702316 0.17 26500
1704369802008 0.17 27000
1704369901840 0.18 27500
1704370001770 0.18 28000
1704370101599 0.18 28500
1704370201502 0.19 29000
1704370301510 0.19 29500
1704370401396 0.19 30000
1704370501382 0.2 30500
1704370601285 0.2 31000
1704370701131 0.2 31500
1704370801145 0.21 32000
1704370901063 0.21 32500
1704371000759 0.21 33000
1704371100588 0.21 33500
1704371200948 0.22 34000
