1704364504852 1.999935901544773e-05 500
1704364604757 1.9998718030895457e-05 1000
1704364704561 1.9998077046343186e-05 1500
1704364804204 1.9997436061790912e-05 2000
1704364904397 1.999679507723864e-05 2500
1704365004277 1.9996154092686368e-05 3000
1704365104283 1.9995513108134094e-05 3500
1704365203967 1.9994872123581823e-05 4000
1704365303754 1.9994231139029552e-05 4500
1704365404075 1.999359015447728e-05 5000
1704365504027 1.9992949169925008e-05 5500
1704365603857 1.9992308185372734e-05 6000
1704365703995 1.9991667200820463e-05 6500
1704365803997 1.999102621626819e-05 7000
1704365904103 1.9990385231715915e-05 7500
1704366004513 1.9989744247163645e-05 8000
1704366104636 1.9989103262611374e-05 8500
1704366204628 1.99884622780591e-05 9000
1704366304437 1.998782129350683e-05 9500
1704366404251 1.9987180308954555e-05 10000
1704366504125 1.9986539324402285e-05 10500
1704366604387 1.998589833985001e-05 11000
1704366704638 1.9985257355297737e-05 11500
1704366804872 1.9984616370745466e-05 12000
1704366904989 1.9983975386193195e-05 12500
1704367004751 1.998333440164092e-05 13000
1704367104530 1.998269341708865e-05 13500
1704367204325 1.998205243253638e-05 14000
1704367304002 1.9981411447984106e-05 14500
1704367403682 1.9980770463431832e-05 15000
1704367503829 1.9980129478879558e-05 15500
1704367603884 1.9979488494327287e-05 16000
1704367703983 1.9978847509775017e-05 16500
1704367804199 1.9978206525222743e-05 17000
1704367904176 1.9977565540670472e-05 17500
1704368004045 1.99769245561182e-05 18000
1704368103746 1.9976283571565928e-05 18500
1704368203415 1.9975642587013654e-05 19000
1704368303601 1.9975001602461383e-05 19500
1704368403752 1.997436061790911e-05 20000
1704368503780 1.9973719633356838e-05 20500
1704368603748 1.9973078648804564e-05 21000
1704368703792 1.9972437664252294e-05 21500
1704368803739 1.9971796679700023e-05 22000
1704368903637 1.997115569514775e-05 22500
1704369003527 1.9970514710595475e-05 23000
1704369103343 1.9969873726043204e-05 23500
1704369203103 1.996923274149093e-05 24000
1704369302904 1.996859175693866e-05 24500
1704369402878 1.9967950772386386e-05 25000
1704369502684 1.9967309787834115e-05 25500
1704369602467 1.9966668803281844e-05 26000
1704369702316 1.996602781872957e-05 26500
1704369802008 1.99653868341773e-05 27000
1704369901840 1.9964745849625026e-05 27500
1704370001770 1.9964104865072752e-05 28000
1704370101599 1.996346388052048e-05 28500
1704370201502 1.9962822895968207e-05 29000
1704370301510 1.9962181911415937e-05 29500
1704370401396 1.9961540926863666e-05 30000
1704370501382 1.9960899942311392e-05 30500
1704370601285 1.996025895775912e-05 31000
1704370701131 1.9959617973206847e-05 31500
1704370801145 1.9958976988654573e-05 32000
1704370901063 1.9958336004102303e-05 32500
1704371000759 1.995769501955003e-05 33000
1704371100588 1.9957054034997758e-05 33500
1704371200948 1.9956413050445487e-05 34000
