1704364504852 0.6483 500
1704364604757 0.6348 1000
1704364704561 0.6186 1500
1704364804204 0.6391 2000
1704364904397 0.6329 2500
1704365004277 0.6315 3000
1704365104283 0.6286 3500
1704365203967 0.6234 4000
1704365303754 0.6194 4500
1704365404075 0.6138 5000
1704365504027 0.6329 5500
1704365603857 0.62 6000
1704365703995 0.6116 6500
1704365803997 0.6133 7000
1704365904103 0.6298 7500
1704366004513 0.6241 8000
1704366104636 0.6219 8500
1704366204628 0.6274 9000
1704366304437 0.6328 9500
1704366404251 0.6214 10000
1704366504125 0.6292 10500
1704366604387 0.6361 11000
1704366704638 0.6325 11500
1704366804872 0.6432 12000
1704366904989 0.6415 12500
1704367004751 0.6325 13000
1704367104530 0.6816 13500
1704367204325 0.6828 14000
1704367304002 0.6798 14500
1704367403682 0.6416 15000
1704367503829 0.6233 15500
1704367603884 0.6298 16000
1704367703983 0.6215 16500
1704367804199 0.6189 17000
1704367904176 0.628 17500
1704368004045 0.6286 18000
1704368103746 0.624 18500
1704368203415 0.63 19000
1704368303601 0.6298 19500
1704368403752 0.6343 20000
1704368503780 0.6249 20500
1704368603748 0.6615 21000
1704368703792 0.6822 21500
1704368803739 0.6546 22000
1704368903637 0.6753 22500
1704369003527 0.6391 23000
1704369103343 0.634 23500
1704369203103 0.644 24000
1704369302904 0.6509 24500
1704369402878 0.6543 25000
1704369502684 0.645 25500
1704369602467 0.641 26000
1704369702316 0.6467 26500
1704369802008 0.6394 27000
1704369901840 0.6483 27500
1704370001770 0.6789 28000
1704370101599 0.6788 28500
1704370201502 0.6771 29000
1704370301510 0.6749 29500
1704370401396 0.6678 30000
1704370501382 0.6682 30500
1704370601285 0.6807 31000
1704370701131 0.6827 31500
1704370801145 0.6816 32000
1704370901063 0.6844 32500
1704371000759 0.6849 33000
1704371100588 0.6829 33500
1704371200948 0.6848 34000
